1692089127
1740575560
1854201630
1932440642
1882056342
1356714591
2217374402
1865360032
1172934465
5134899478
5042015476
1806760610
1428068913
1841224911
1626432133
1581157702
2705139303
2956907555
1974576991
2687808443
1432024715
1776812891
1609235924
1885886741
1627257145
1839775333
1441557133
1678435282
3537066970
1675633415
2100859457
1849862990
1770437912
1642568344
1736601963
1785937603
2023446263
3093438990
1740313842
2803447564
2138336727
1476938315
1921390994
1889669712
1689964153
1916873230
2195805510
1792104731
1781183512
2137158855
2179351700
2413546042
1748317814
1673300532
1404188822
1462436012
2062042291
5032043442
1444406791
1997544897
2355459404
1864629097
1752873562
1869256204
1686300145
5120946172
2710789387
2079162825
2162662253
1414566392
3479487881
2829181060
1820221873
1626712510
1842360684
2081835061
1720700794
3557323592
1771243152
1737720971
1767585465
2116401867
1734522471
2202418750
2248490842
3064864285
2441263504
1828838161
1918939581
3048243613
3504540042
1745446497
1704356454
1741287702
1400663547
1873099464
1432050464
2828861840
2057970871
2802687834
2248202881
1784463481
2723112754
1014289472
1842321562
1919955135
5247743746
2919445780
1854828803
1774608467
1530175932
2966113660
1889916302
1253437194
1840127184
1568932261
1602147034
1818471504
3953119855
1627538023
1725568247
2397115110
2327051845
1737410717
2802868044
1430941812
1709851524
5077687830
1630032450
1881151274
2714957820
2951255900
1389369570
1998214127
2694698444
1744272947
1820742022
3121791975
2667585344
1621455580
3697245804
1725029485
1798550020
2690908170
2289370574
2917791442
1216154641
1466974104
1825549737
2955355993
2383716324
1166557705
2785607744
3290696442
1652787880
1897148345
1704665991
2789768670
1496989047
1834939582
2625430753
2234451170
1651428902
2351931137
2799389495
1548073805
1948852533
1725872454
1971342663
1825238552
2042509094
1636772435
1735266475
1631433745
2625767443
2531989213
2610033253
1420901625
1903716303
2428476067
1729966524
1862490700
1944365981
1758854465
2406098484
1687586892
1922266662
1340973054
1567196277
1215381181
2603694673
2608527137
2117781330
2121319893
1910242432
1774737314
1663021605
3912386076
2179678510
1651314132
1269285795
1639516913
1876434282
3204836204
1618720010
1708395031
1909965837
1768800855
2541657130
1764211933
1680632893
1836353863
1943603531
1902731584
1778375621
1732913253
2215171792
3207204137
1675567230
1713787291
1703801210
2190520683
2746273510
2591723050
1733388311
3045191802
1801525485
2672609501
5051010579
3483476580
1268832007
1770973177
2070764343
2195253161
1745216183
5378787027
1074913167
3816756012
1651394471
1699904517
2009007035
3292048517
1884688111
1909385752
1939145253
3044582364
1734620117
3172938617
1010718164
5200804947
2762091647
2126843717
1445637993
3306474713
3043733420
1859267602
1846457704
1743813574
1867782391
2127156897
1654050981
2607365494
1732279637
1194698224
1197288443
2260841615
1670209293
2990089294
1920999757
1923425822
2510082381
1464771261
1763190034
1917661925
1734045907
1899299977
1865696745
2615291011
1824146625
3977987536
1876196264
5232046203
2399885572
2971085960
1620549641
1863483302
1748883905
2339924635
2827293974
2348932533
1796649524
1277041680
2176400604
1819884333
2498353997
2635386210
1251595254
3044566702
2259675812
2707459392
1782129480
1199918810
2617165024
1717384294
2949572834
1719206923
1423856392
1223378717
1972984031
1600177527
1719007054
3684320892
1769610184
1825401531
1728853815
3262800180
2049116857
1494897335
5042692590
1086819437
1743159030
2346508675
1822833107
2724435533
3043668160
1672437825
1848498704
3994091824
1779643013
1865852794
2513048102
3304380453
1648546340
1769275260
1478352273
1698847161
1824556664
2298356451
2442134462
1449715871
3424827574
1944530623
1420144077
2883453650
3628344451
3279135625
2426946963
1403479273
2649862032
1873286250
1798747040
2561163871
1245002243
2215034177
1801789857
1733202540
3199695753
1760357760
2941989354
1788955503
1932180847
1655679925
2802614842
1270817054
1749911004
1718438185
1767064822
2166031731
2126607620
1777984400
1713268902
3537382364
1787520967
1732266587
2775106504
1759198425
1595180503
1639699694
1939706837
1750536820
1760980795
1548608052
3299907287
1727733114
1701237690
1970876793
3215288474
2216658191
3541947627
2536009882
2213953325
3044229022
2804143512
3785886033
1899987587
1794998604
1132995444
3044704144
1704540840
1220939913
1796710351
1751976854
1463093693
3043803854
1726642813
1842058217
1226618944
1764615551
2424421995
2401169845
2164250062
2281949432
1684346593
1842519551
5598164283
2276778870
1888299024
1784240585
2516228502
1238709981
1649750547
1541446580
1769361145
1733510030
1450504162
1895663875
2520737902
1739707873
1798086165
3043998524
1588599040
1785877700
1621591464
3063350567
1796079517
3239624183
1819736555
1859846292
2108434732
1784046822
1729010900
1726617572
1582851537
2625439970
1737667854
1221117947
1915873780
1639090793
2324469900
1859422580
1768975192
2384994952
2012785951
2985648585
1966508445
1648582394
2919793574
1661336285
2423228220
1912715061
1775140083
2419549034
1842081123
2285106777
1826553984
1822889963
2134596370
2253143850
1691050604
2805057922
2801824833
3045110632
1740160080
1773671600
1606211925
3519252012
2942787430
2259265444
1408668812
3044586932
1348452912
2626980847
1834928411
2824283474
2790085290
2744502862
2519854755
1614471603
1999364564
2920498390
1786732181
2279890070
1739013434
2637993921
2105395157
2827204622
2514350307
1781278935
2919613744
1612187865
1229634935
1064018431
2094723983
1849093900
1400813172
2808491700
1031250660
1909401053
1751787792
1499030842
1589611175
1402675730
1800516834
2920467904
3054039453
2059156760
3525761775
1509011317
3091331495
1027688290
5381599705
2504229753
2784684820
1859721724
1766075220
2240441697
1648298123
1771802030
2753046387
2960819285
1548726651
1701677151
5054088102
1714725102
1813051170
1742466491
1990937211
2105601827
1220108065
1847954867
2586296627
1113180934
1838376397
3044892550
1321476164
1840613674
1778913301
1877422392
2709876063
2809808492
2272973430
3301021730
2052003021
1698829904
1935954387
2978024492
2619663905
2076303412
5054643512
1262563212
2920418630
2789715450
2877437942
1752066320
1731339032
2177015850
2647349703
2268428920
1821812300
1774984920
1768505602
1784303360
1865089723
3558399540
1360499560
2893575385
1789774681
1728704253
2809458220
1699948227
3220990255
1734960191
1887987091
1963013397
1088460884
1238536304
2616302957
3565251075
1649324284
1811041522
1932394773
3170715500
1783537035
1727850263
1951108335
2841244122
1859719042
1872300282
1582682794
3215516443
2920195264
2043751951
1880302792
3214790093
1826188022
2327852057
1733944034
1231759973
1958909161
2067632735
1835567901
2843625270
1765761110
1841500903
1962258103
1642065542
1733641704
1733769004
2670864884
1705609291
2940428097
1689024295
1158775732
1756638183
2919989320
1669902104
1696853272
3263215803
1799033495
2156128112
1341482643
1653253017
1956169070
2014277885
1424343123
2379606621
1232157097
1805285834
2191914753
1665178025
1470407485
1701038614
2093564561
1809010073
1725911941
1412048411
1240276017
2612069091
2413381772
1715615650
3775250303
1648264384
1653681694
1682078235
1428902103
5071687216
2238305212
1573728660
1907849530
1665813385
2016589835
2173891185
1910904680
1728269967
1748309440
1062130882
2843958037
1257064004
3045319814
1838598917
1757427361
1879854952
1697307794
2171604284
2550150872
1825555162
2206705907
1730374903
1863568010
3815421732
2207294093
1238257285
2293567370
1841325114
2920327840
2810171161
2117392512
1726847380
1272151934
3247758371
2091381781
1699613372
1935074950
1786716847
1806035393
1639510505
1803893085
2829030944
2276722374
1932260350
2871530024
2160964850
1730271280
2512916144
2711524041
1252682841
1583018581
2119240055
5625427887
1764486942
3043739204
1730742985
1846333045
1767693997
5507598371
1827382401
1750696194
1708174753
2802028784
2533001585
1780814534
1718116503
1613402207
3251236680
1678436400
1758645801
2440559415
3848072031
2835464292
1808099010
2930169582
1407940474
1136339084
1877529063
1887384082
2416185504
3286359140
3944715081
1786157264
1781018847
1738511304
1808826674
5116732064
2202811412
2208306291
1270945305
1778408507
1936674690
1777236384
1778314374
1883650073
1826463341
2324990763
2507158290
2025202243
2785401381
2485472103
3071526807
1364088695
2679625831
2365814452
1783913727
1651414642
5117843717
1872235614
1910996855
1738729010
2057384454
1767644111
1907806587
1583342911
3145453411
1738446741
3045060224
1735523630
1401129612
1734152755
1687881857
2202736367
3413936092
1240258621
1767826271
1460652057
1811087793
2404039921
3045189132
1427745354
2793214641
1732690237
5043108518
3079927021
2677125444
2187028620
1785964560
1407258800
2916528937
2241214507
1652507674
2316677503
2067140017
1852628981
1919443981
1893760111
1265335494
2093655527
1942887431
1692759594
1773860301
2788751742
1483167363
1652218395
1911257575
2118125710
1868665564
2882541250
2803997260
3987234545
1774714643
1596987713
2920459662
1587551901
1738020705
2248863302
2915441031
2188514040
2599339300
1881503992
1862545745
3045246200
1697386920
3132488121
1286288814
1786572501
2978252721
1794739491
1722020627
1743456607
2914472312
1650991283
2869238292
1408752422
1782710863
1769876222
1958550210
1432994241
2501525920
1866999280
1774474143
1916117632
2043359861
1025058304
1939504547
1750585617
2705898027
1684922152
2810517194
2300880415
2539620980
3031816982
2024792697
1948480252
2948101093
3823848440
1895185125
1896423944
1914852740
1841080192
2269024771
2466371443
1608239144
1156655534
2034904071
1748957330
1664542302
2607178375
2185043191
1770475617
2000798450
1769965262
1930667750
1736726691
2388003450
1790804913
1460508393
1401568677
1698029152
1772728484
1710771313
1829766234
2407134273
1977668667
1602869700
1771258067
1971468953
2710063270
1576823715
2356569312
2000034367
1847123567
1771883877
1749726772
1682145463
2154284870
3192016672
1436956562
2367890060
2792882567
1914454982
1746448230
3297162173
1656226915
2677451207
5635613787
5119857361
1713575880
2800670551
1736978963
1815038982
2390710673
2346780085
1965531667
1898020335
2385023632
1646877630
1783015631
2037553645
1676563281
1877197315
1746243763
1656831930
1197521162
1725811681
2247983820
1111636822
2090228561
3204178932
1877739101
1951123171
1742792775
2173395407
1748019141
1892275490
2922405332
2266039131
1723464310
1864070830
1666197122
1726992701
1750606091
1668548803
1889576342
2678460071
2277507377
3969788306
1909225627
1797314720
1878861612
5252765784
1742762834
1682878285
1436023742
2056102961
2667511091
2568403345
1440293110
2684509844
1686666504
2802213264
1239408500
2781964393
1729788620
1855891544
1436060330
1747289590
1725151892
1267869651
3214621054
3193037852
2856800592
2087758707
1904089807
3218340852
2411635965
2814526380
2612069973
2367507330
1402889292
1863659980
2486527470
1488688681
2919467164
2001851851
1995748445
2282107711
2651550723
1723954251
2207983761
2129161295
2804135214
1790725473
1167638484
1281157242
1245587422
2920201760
1912334635
1769191982
1651075533
1373372302
1684820892
1064955035
3614448284
2476578084
2770331275
2203374497
1974479265
1675681461
3187957072
1797388881
2314689812
1465103250
1713509765
1940844354
1871723550
1647334147
2461317365
3450843022
1980953575
1765558840
1349045552
1644787540
1927452557
1682263400
2667780753
1886107114
3166329727
1724041662
1926395307
1908153225
1376179701
1030578827
3044525774
1885240921
1804790244
1760213935
2635414917
1736820465
3200813655
2507477244
2202927642
2630215503
2011008750
2919630814
1734441081
2577260883
2540250054
2189455341
2910043235
3166118150
1684414081
1701189822
1635660380
1759900583
1778725883
1709516374
3460648250
3201724503
5065880318
2280627914
1771587170
2202935193
2073641102
1738018725
1613023582
1283572645
3195767402
1511434901
2467508690
2029056587
1799533112
1790178087
2179435952
1517380004
1067694963
3220354933
2132638460
1806345370
2919303160
2353439157
2690260094
2606892865
1737604915
5058085388
1850806013
1213297464
1449100341
1713281410
1709993263
1616973363
1733879143
1808711340
2862352400
1398359797
1275200915
1946608030
1828746125
3179637070
1912940147
2667078411
2796442082
1709790865
1735058191
2031998575
1234783123
2629758411
1563297924
1692937984
1918818862
2024771241
1703503470
2117684072
1900822441
5380691478
1751953727
1961168382
1795659310
1987724755
2616174667
1727029513
3043758070
2023716213
1441871795
1767366995
1977452600
1400338617
1756636127
1852555072
1888633653
1644307977
1973052763
1027102553
2145403091
1072093995
2801042112
2203759722
1786268757
2607269431
2286101382
1765042795
1793920967
3950762724
3922585981
1770431655
2823072562
2880498822
1911019667
2029445683
1220057231
1598083922
1711119967
1214329977
1727219912
1908735740
1735560742
2030901005
1658338440
1763849573
2575826263
2365032361
1885775404
1776256847
1339056877
2293849844
2386506233
3102305067
1588235042
2172083730
2579751761
2019188813
5283697958
3311996127
1679793005
1227499227
2279912723
2464207925
2088749793
2884148874
1901537283
2171605607
1907359363
2065487593
1776470947
2308233945
1444201080
1741358815
1812544015
1929208993
1619026625
2129386862
1412438580
1272264642
1869973053
2273017240
1496869814
1701980713
2643938873
1657393677
1800436597
1933939003
1933860487
1696147250
1919764462
1680722560
1737487720
1672648750
1311167464
1338866615
2803495584
1750379650
1812963154
1718366094
2597545427
2695101373
2269723171
3092276657
1445595031
1219611784
1863177230
1927148274
1751039637
1746081460
2390427450
5516895007
2320232243
1061751571
1737935672
1566360534
1285901331
2013671471
2688208041
2440421662
1235640475
2919331152
1658657451
1690692972
2103428172
1589614575
1938439897
1786186197
2937600267
3853844642
1733075925
3561840501
1498065664
2505013280
1027494201
1977506754
1764327153
1783366981
1678841323
1978435335
1865967531
1781001583
2124575667
5044974017
2857899614
1740104823
1666143645
1752063695
1860973092
2629136094
1835313363
1729997502
3043558760
1730223470
1836768401
1899003497
1850161471
1866173827
1847276110
2781404002
2792730124
2083656773
1495158683
1791019332
1211284581
1370702532
1047467444
1844400563
2282202360
1742765145
1724950185
1743496392
1303539260
3916962188
1241042090
1872055853
1778292835
1539596701
2361631885
2318731917
1726684935
3248140724
2219695684
1992677183
1626473350
1582701767
2120804022
2698595465
2708671227
1707827830
1763221141
2449464401
2217546992
1965818631
2789729182
1786687883
1837993734
2862972972
1719557885
1225464934
1966873512
3044328982
1146626307
2138511690
2796084575
1979781531
1668492091
5120499342
2865690292
1890233074
2492439614
1761558895
2808986542
1244819690
2606686271
2703950424
1677311094
3175943532
2145643807
3978929109
1401924303
2081757333
1815416615
1739107324
1693300644
1144593363
2662106683
1660383694
1068248497
1883429047
5093682010
1745525662
2215285123
2346481033
1829445632
1223133993
3201755835
1731461605
2920398950
1338000224
3045372194
1809561525
1624831941
2281463772
1733979200
1878997874
1778417634
1912663085
1146701982
1807905550
2072942233
2182364507
1895431523
1706917660
1732102942
1480950293
2177813120
3237912434
1933505203
2351356827
1684632401
2981358075
1788599575
2402813423
1737627175
2611069507
1737581820
3219763323
1692917400
1582703290
2294667062
1237636592
1779101565
2163545622
1064097325
2121193880
1952497441
1677861375
1763073544
2919826264
1574451982
1704881894
1773499742
3911249407
1608562972
1803554510
2839715037
1423411810
1714485282
2696961873
1701600164
1760970544
1941168504
1525071167
1712177440
1804009393
2275661165
5453069847
2708784305
2169916104
3097874817
1838143772
1511310373
3166052113
2330649574
3040188523
2230410924
2103796537
1869339352
2534649257
2029515215
1215209095
3834899046
1593823992
3693617211
1804750785
1684922974
1954064857
2500392492
1734842445
1715924695
2803324084
5058395011
2136280563
1978818963
2108723650
5033596888
1712595650
2171180172
2342024544
2017195293
1726393244
1359403312
1593559775
1809655704
1725356511
2049180892
1903527521
1912775223
1725478582
2205401952
3233238655
1891009592
2608618970
2002593623
1051720865
1231668867
1826124767
1700009930
2119324040
1723807800
1735802794
1634217893
1828222735
2920083544
1025851383
3770317795
1216877104
1722799660
1695806140
1432127954
1968554150
1767601752
3202701535
1798216104
1935358727
1770182441
1885996140
1759377043
1697577313
1785930005
1886889385
1747293104
1783897575
3044352924
1600559710
1780668782
1743834141
1736097133
1717118454
1692704140
2010332703
1855496513
1704975293
1739071221
1736256875
2022931325
1258562595
1922900050
1843749702
2661504431
2885267050
2837976844
1841576524
2099487571
2619436064
1897007233
1656625901
1938901755
1822026947
1645606943
2510213120
1741372600
1730085881
2632236847
1908356757
2655721782
1735056997
2951588694
2402317183
2650661724
1419248092
2987134425
3044265594
2288791271
1964117461
1852330625
1432458327
1978588743
3798702007
3477937943
1944939263
2248657232
2118687230
1898196914
5099552597
2178130974
5531897193
2202347457
2011569401
2664599001
1143832517
1761596280
1114422680
1757037925
1797630161
1725610073
1173936625
1916911444
1306483055
1857348404
1566934814
2028668591
1736578645
1583372681
2139490475
1409859220
1336695815
1068719852
1905166307
1428210683
1313986104
2248422672
3043709154
2612471213
1739447861
3082501353
2574828450
2164775514
1918080257
2426516482
1822492764
3733358307
2703199863
2115486013
1864611952
1780586887
1305277975
2254822174
5449079358
1224208117
1563745764
1529697661
1893175821
2803349054
2136677252
2390288143
2721449941
1531573364
2193689614
1763345131
2342125705
2159040580
1193184831
3466882682
1745836481
1194821670
1739805191
1732873840
2833403900
1809601572
1787985707
3045331024
3299776923
1698069770
1865280185
5225822288
1228406712
2131183754
2533151075
1445068720
1232875801
2393252990
1149809777
2446231523
1667985533
5311412288
1959451603
1731739997
1802564283
2506940530
1342196320
2402719132
1875931727
1349112945
3691479697
1685428014
1071753791
1610851112
1736233283
1778270812
1749049967
2765292622
1946232867
5492038929
1812758841
1783901664
3309312125
2920368254
1101536380
1725801757
1854563155
5147571621
1906981684
2920455384
2026649215
1773862737
2161533544
3044232454
2048456175
2258091022
1406324005
1939323585
1830886241
1622054225
1757030827
2090231152
2790089324
1733028947
1499079457
3642754014
1650961790
2951855451
1876702287
1418783995
1997391843
2920177292
1828786577
1238360912
3092275437
1844654882
1767607962
1627307537
2481547632
2570841317
1735809685
2193606110
2693926302
1957907901
2416771672
3619265965
1926787643
2851285562
2612176873
2983918755
1661577683
1608060794
1074337642
1655740502
1720124645
2406789337
2029632415
5067825246
1821896095
2170191874
1908214055
1662819665
1685020925
2834902755
5451594294
1737679233
3473233160
1784668883
2292270200
1827922993
2365792064
2240275904
1611986787
3847618030
3143739452
1747081863
1849849884
1743489442
1742174121
1581338151
2149861014
1780333391
2912218402
1967064861
1212444644
1836768542
2183087782
1786085471
2296025087
1686834612
2512092423
1707913737
1726673977
1221284303
1748438625
1710073155
1861695570
1626431567
1136357820
2128478592
1882947995
2920556604
2423361173
1290007195
1725655637
1953230202
3096483141
1737206187
1598673372
1822006777
2919340970
1745811845
1909200415
2040900577
1666435540
2769406317
1237515402
1933484721
2569495940
1879930965
3884009888
1987324191
1762840582
1671268762
2952789250
1865338361
2142795587
1048942571
1892287432
5242828526
1805997085
1631114907
1634598161
1730240621
1561015262
1290898807
2135986852
2643571505
1541707305
1401437913
2401378914
2919456984
2253227080
1861206204
1757669307
1644967215
2525235495
1450043064
1710007640
1971268935
1416304055
2882533915
3478306055
1196702455
2829698777
1136753213
2055535143
1480516131
2173515692
2481298354
1920009712
2789736684
1700361670
2301756367
3911703290
1886535834
1787600790
1908982935
2622189645
1826409563
1768511042
2772834502
2540223222
2807322953
3287987005
1780908895
2133133475
2886263402
2615014861
1743323314
1241191554
1849492682
1880238574
1679423315
1900226601
1093644674
1880487122
1772638883
2429277465
1779054713
1871188127
2187576845
1715028133
1829093125
2592858410
1790550774
1483091282
1748734773
1733849753
1682712330
2655849282
1566581574
1883616434
1610335154
1564353432
1760189314
2396902257
2805994585
2513775567
1747272673
1421562671
1253893667
1610507697
2817359924
2160229892
1689677797
1774370807
2592753514
1895362257
2727081343
1871813892
1713506523
1681925224
1842761480
1725140693
3181536203
2994150353
2830995465
3167382914
3045305810
1756780051
1994587171
1757956681
2605810434
1792837657
2365255394
5547580572
2866517004
3218715937
1777520781
1844894000
1718054464
2524188370
1768773844
1745019267
3592731291
2614237244
1731468567
1771465854
2305090321
2854928782
2674838401
1922360743
2248239152
1738157944
1437882715
2030569113
1776116672
1851829360
3199000342
5025449657
2175464870
1942665953
1280406021
1837146112
1059411762
1751722883
1456078981
1750340557
2707785463
2344287864
2328826724
1404719230
1760961477
1874112250
2030039375
2280598191
1583055521
1918564433
1868389620
1939511081
1794116810
1732908397
3713135832
3044232152
2537995774
3044505450
1990310235
1945746275
1730330447
1003344031
1866202111
2133631682
1261185973
2235604367
2659949360
1821848403
1773575634
2345022422
1663630325
2459270270
1639449711
1918290700
1964132043
2062384732
1715503402
1773515264
1211940867
2082849332
2841519000
1662200277
1294118417
2459432590
1820568792
2675599175
1603818032
2072872203
2655796690
1236170284
1794973295
1747288957
1645610755
1314309253
1790335857
2520595720
2075879967
1582450000
5235935463
3944405161
1983424911
1785682723
1229177574
1839929922
1837087503
1998430113
1975476245
5306181757
1760700462
3173059913
1649252577
3045185484
1869713354
1955217332
2184835935
1857692830
1891330474
1782414815
1851538002
2178898754
1907445721
3701279461
1728008921
3045160290
1864475004
2017268841
2512714564
1757958303
1769875340
3168204747
2019746592
1401353485
1791876051
1963188037
2641669383
2216287193
2693282750
1743699763
1219548130
2154793270
1748428070
5049515423
1905815557
1782102217
1807539237
1886630825
1742261015
1766794243
3067312085
1249799124
2056351545
1784017211
1498923041
1723635610
1736470647
1294978291
2011872105
3914842715
2092103405
2296670361
1432972553
1871554921
2173743683
3552127042
1464816104
2106907781
1798475190
1786999255
1893611060
1866346885
3044187902
3708417574
1827504442
2136703027
1695719150
1662802237
1874496854
1583702324
2239566154
1719706371
1706174493
5064908669
2158859880
1649666132
5048704949
1847216145
1847042785
3044131212
1014034005
1850300984
1285920801
1723863654
2119162504
5043711497
1896267172
1467268660
1867465062
2803590864
1689517167
2196002384
1464753480
1692478705
2171021510
1731071271
2349972391
1783090433
2823379660
3663004847
1734151970
2197724790
1977278865
2012434780
1177186305
2450411712
2039931297
2178954522
3044916780
1736078660
1402828774
2951596520
3223495765
3633090222
2789977892
1669011692
3043856620
1723131927
2514851273
1496896072
2657301272
2273647054
3044631282
3626429021
1429745567
1656953035
1732270031
1650220481
1902946191
1401753974
1737478200
1786253027
1809060311
5121688287
2173175402
2617989350
1876462221
1070619295
1868140984
1929660747
1735702567
3232459960
1933670573
1810707961
1758064233
1582706700
1988837331
3043455944
1609568317
1686801295
1440499331
5365784834
1719783290
2104881892
2806859474
3860697010
2718518741
1885077202
2534616035
1834103577
2686244045
2141051927
2641545021
1842505842
1588159337
2303681921
1852964030
2613255411
1742767933
1111236271
1735030754
2304334810
2920501604
1783788357
1734255301
1548749240
1240995443
1077650253
1912595813
1063951973
1391797895
1718762701
1490372962
1428350807
1764927210
1901966404
1828664493
2077467001
2687220941
2153189864
2967560990
1661213821
1785451414
1797560880
1626230783
1412890261
1760965114
1876139763
1883174712
1721703360
1948757110
1959583015
1725530111
1928459601
1640667680
3086448967
2611249073
2251285664
2277019057
2010868730
1776476431
2481460247
3953876584
1301163021
1353742340
2919323550
3879624621
2528251242
2294117635
1086566581
1201403377
1150453060
1608530820
3518840854
2306582930
2610582381
1629232660
2921658241
1425119641
1406880103
1736650220
1768603987
1246649654
1668591921
3627447424
1916512927
2157514081
1653521335
1566485355
1738725221
2478904540
2625380341
2903056067
1714064187
1910953055
2160492350
3043695010
1731415833
2698396682
1711368574
2842251894
1597747451
2273152695
2654532130
2138823604
2085637947
1435389590
5087066356
1765154402
1902538290
1910483655
2828201150
2196832250
3210855693
1713617382
1147882482
1557855044
2283276934
2442431925
2271569980
1772974022
2357791932
5107368344
1944082477
2037010701
1088569184
1831663932
2804938830
2890272172
1752705133
1290598244
2171476620
1878307385
5223404618
1476259560
2351461815
1892981092
1980739733
1727642437
2412298390
1092102765
1747498574
2784768424
1951283253
5068803326
1256286472
1619394447
2143826085
1737479831
1820815205
3027579021
1789083413
2808291252
1737468813
1962705733
1768541657
3996770484
1868452495
1687527451
1236784782
1730634774
1661153861
1862925947
1753088457
2957491970
1773462464
1867057770
2600413667
1326194215
2004872514
1805378857
2873363850
1919458195
2496010702
1583126787
1750728783
1659602124
1961254025
1866555343
5236822070
3935707701
1819112102
2078081224
2884462654
2254625820
1707642567
1804833405
1834270405
2881177230
1575333214
1575988931
2503934770
3595590585
5446410465
1735569215
1098429785
1604599874
2427940370
3607185817
2010867775
1894417625
1899706391
1867090034
1812324697
3969539835
2178352851
1525651665
1635861144
2143643300
1381262360
2441975245
1243015277
1802458260
1720585920
1751554790
2188359467
1700337032
1684810690
1849474265
1727407680
2177537613
1902326157
1700080640
1878170841
2108893191
3564768945
1885467627
1972698511
1820619797
1236249205
3044924434
2173705197
3901367670
1989977022
1500709213
1750778904
1866312713
3974448688
2786140980
1905700517
1787718323
2528945174
1820069843
1862831235
2606564695
1245061812
2440443182
1304632575
1906129535
1275040981
3266119905
1809434264
1897750371
1310973707
2690022740
2789881220
1352865871
1888534655
1787562287
1702731427
5085579858
2664294063
2588030074
2139850555
1770282683
2722492101
1178495314
2708425425
1426594243
3117254813
1766965814
1774306895
1729891555
1686277100
1471785881
1193426613
1729832793
2857743390
1066283551
3020415935
2402949525
1961821703
1801761045
2038129891
2370587322
1606822171
2134867033
1795109065
2693306930
2661574483
1671583877
2678784833
1043557793
1593219762
1729948421
2009067225
1725000791
2259893062
2023307022
1768127945
1658202010
1440675953
3044910542
1071459745
3972373137
2247518540
2919866252
2667592397
1875715145
2342040673
5115867927
3126946631
1986129260
2919504742
1950913093
2804332380
2672012734
1054494243
2786423617
2379979504
2314154185
3044080792
1830490965
1734549197
2790058690
3418647570
1010473881
2150205502
1885331354
2804317162
1954098704
2920325014
2075531373
2453283092
3045104534
1736762307
1726162515
1861581730
1263279691
2114385100
1676962070
2698845144
2601275974
1557928890
1765051490
1767853670
1973199021
1284700663
3994365312
1867984675
1900552512
1659266543
2692624201
1446516880
1820098455
2524056831
1407229560
2429014690
2741694343
2597727852
2958021905
2128989797
3813048321
1792247253
1170243261
2994036155
1871748781
1241331633
1584775931
1762962142
2034262013
1677892177
5353931598
1081795717
2575792161
1007965942
1768714642
1025690391
1699499267
1887206890
1265049207
1723397073
2518651782
1921792061
2289981792
1674901540
1402700323
2004770951
2016114065
2008675705
1743665025
1945655072
5199572286
2303623361
1742241160
2808409604
2649181555
2571543140
2826130594
1757632133
2119206257
1905909165
2814893974
2117276914
2711028692
1715170135
1919155483
3611858772
2726605817
1698204665
2173580321
1677318422
2401291257
1989048832
2183799755
1722582055
1659172145
3268899624
1897802860
2151002252
2155226147
1745801163
2736700787
2329675970
1416381302
1996018273
2111172852
1640375517
1620665101
1768163230
3305182590
1622336177
1652451551
2395970471
2092819671
1750898854
1732033180
1426515527
1950726005
2802735954
1371675920
1784312912
1747064617
1745886425
1495332165
2038853061
3036894045
2486304262
1985108930
2042204342
1736700945
2120863055
1751278272
1651319722
3045246524
2919685264
1627876484
1873617504
1930133275
5198847136
1729426823
2560746500
1918569424
1838115844
2808218654
1690910851
1582793710
1025893242
2619203491
1734599772
1742971263
1793635475
1880408434
1768046784
1923111611
3170555970
1214152823
2920573364
2140604103
1748978723
2623445953
1790064390
1750323552
1866599725
1860313634
2644282497
2208538131
1733513792
5099141948
3966563872
2371763757
1732319823
3043484974
2610636575
1926438481
2130122232
1071577974
3044836804
1727587244
1761718765
1733632372
2026113033
3432736432
1198125980
1216622594
1724071915
2213269554
1440503134
2101240704
1928290235
1724486080
1745751964
2359858661
1067470263
2067830080
3044839034
2119264010
1812723487
1803639335
1945860821
1435800394
1701976670
2207878225
1097031882
1929045487
1783428274
1921230027
2693883292
1271547874
3475977174
5406004004
2185310733
2721817802
1762830712
1678306672
1628479267
3031713215
2724403623
1867693040
1961000094
1218143702
2789843280
1445835751
1933526863
1497871420
1823812891
1923742745
1999039521
1476570203
1654890754
1780247705
2683806131
1776844097
2133329795
1839694355
2053093045
2748538152
1865921034
1816039473
1918432222
1682836593
1734667603
1856026831
2919703784
1824440330
1878663890
2411532165
1899307495
1403315164
1057438443
1976760267
1239353903
2386770734
1965273541
3196266734
1919591463
1910128342
1750492060
1805044557
1751969935
1722534002
1744658381
1901698813
1670844860
2166711613
1795348442
1899942543
2415052282
3282003312
1990484091
2258337862
1804474504
2085930225
2239055410
1300790787
2685336121
1886848380
1408175683
1565103782
1772287284
1234122695
1779481727
2764225175
1870482473
2212439425
2137384181
2328195960
5114126568
2140882623
1761429980
2919903204
1735851754
2190349177
2856769762
3927381433
1563531202
1655035324
1733370443
1781084967
1741944822
1421212334
1794859511
1164687085
2720336744
2177091835
1871771062
3044731490
2862875374
3173632282
2705104595
3694684577
1836652170
2959254893
1854396162
1989543851
2664722081
1726689940
1930679747
2462375084
1844428827
1791283533
1716898072
1750609437
1648558184
1425423445
1937768450
1747080733
1516413360
1814839890
1839377220
1854664990
2310955012
2455237332
1452664300
3810843880
1740089277
1426758793
2200608553
1750107051
1734884000
2422942260
1740070191
3044823964
1919365911
2949576871
1497592221
2815803233
3298833201
2920137742
2474638741
1871785483
2171173232
1724705464
2450360032
1800330662
1741369647
1408129123
1871420594
1728104910
5217588958
3290285893
2495675773
2474646803
1839700650
2169050210
1658079674
1053821340
1303964067
1761700420
3546913585
1873218754
1792451801
2192217447
1881715651
1724526873
1408702860
2149843260
14542197
1726621452
1829200405
2006137852
2185398311
1830010600
2482505893
1832278807
3996588363
2330375853
1261358004
2008105225
1966576303
1714916067
1426832832
1731132952
1732526274
2626856540
1649275922
2033748045
2707048201
1828406944
1845867743
1613833022
1968686123
1972519063
1708963662
3229002070
1716850214
1650393992
1752665387
1406667744
2920314372
2091060491
1820762991
1728771371
3838891766
1579503567
1784107685
1613568630
1660478444
3978366909
2715774091
2905362731
2185531171
2665254951
2948960462
2392207942
3023237377
1284246160
1264164311
1642088277
1690233121
2182522064
1963139847
1654134123
3146752800
1785097223
1376908973
1414921763
1708589067
1980620585
1931629774
1479327793
2559413943
1322618753
1180407001
1275743543
1709694635
1286775377
2868829760
2718909020
1497894223
1784075527
2610603475
1288470403
1841233651
1710443563
1876779381
2920568074
2177068484
3270798980
1627342831
1405265540
2923974513
1783431911
1832825241
1839660633
1673662845
1522398344
2445325641
2919125460
1410452962
2101862070
1899753743
1665714764
1690748975
1832577271
2269277535
1682085103
1728586977
1711402453
1896446441
2919845404
1223957402
5155287643
1903191245
2789951122
2605919635
3044592952
3899643999
1678869963
1944202753
1393859650
3090592861
1714769742
2370357262
3044925240
2198767297
2883819794
2808630803
1723592420
2322194352
2461839442
1611212822
1993087630
1878639100
1920398153
1420961010
1739416571
2510013093
1804595460
2134685853
2789691060
5072660047
1750593625
1778264700
1935951877
2099358037
1760936487
2931570237
2633902822
2101619484
3702005013
2013320812
1795340695
1884245222
1460446105
3753271494
1735947871
5582070859
1300765805
2829048992
1862704544
2632878664
1581041672
1359968957
1410065147
2289184043
2030133897
3157743911
1829464883
1290441404
1646012930
2631680883
1700942427
1915294900
1794396801
1866115927
2462158232
1708654993
3971660594
3280947225
2484669262
2608557683
1441667821
2707058575
1951026167
1734464284
1744158840
1871499832
2145354851
2195163762
1747539622
1957139973
2423273933
1704540820
1297192910
2920269954
2647810871
1919252593
1746653997
2283922634
1818599525
1728223180
1724615467
3943603995
3054418732
1000815500
2276339177
1934697667
2198692254
1287126001
2311517500
3229879502
1722146361
1407331197
1783003101
1707452615
2614617703
2974868392
3043644892
1921584017
2208947107
2627003095
1893802153
