2351461815
1402828774
2667511091
1974576991
1750536820
1735560742
2065487593
1269285795
1496896072
1660383694
1676962070
1876434282
3282003312
2423228220
1874112250
2216658191
1768541657
2395970471
2687808443
1497871420
1794998604
1895431523
1779643013
1730330447
1675633415
2746273510
5283697958
1737206187
1401437913
1231759973
2534616035
1642088277
1689964153
1649750547
3082501353
2013320812
1654134123
2710063270
1705609291
1627876484
1675681461
1707642567
1838143772
1671268762
1834103577
1997544897
1865360032
1722534002
1744658381
1686300145
5199572286
2136677252
1561015262
2248863302
2258337862
1783788357
1077650253
3092276657
2814893974
1490372962
1408752422
1215209095
2173580321
1734960191
1918939581
1644307977
1649252577
2501525920
1684414081
5225822288
1989048832
1912940147
2399885572
2683806131
2202935193
3146752800
2171180172
1875931727
1421212334
1201403377
1726393244
2707459392
1677318422
2862875374
1800516834
1946232867
1912775223
2951255900
1730374903
1408702860
2132638460
1794116810
2949572834
1790550774
1804595460
1829766234
1736650220
1883616434
1760965114
1786716847
1733879143
1146701982
2708425425
2346508675
2106907781
2000034367
1847123567
1859846292
1452664300
3994091824
1828746125
1729426823
2817359924
1812758841
1871813892
1751787792
1750107051
1651428902
1229177574
1649666132
2298356451
2442134462
2462158232
1717118454
2753046387
2708671227
1756780051
2177015850
1727029513
2647349703
1656831930
1843749702
3950762724
2099487571
3204178932
1495332165
1748019141
2672012734
1745019267
2709876063
1697386920
2427940370
2632236847
2076303412
2379979504
3229879502
1829200405
1724486080
2208538131
2240275904
